52,35
3,2
3,1
3,3
10,101
10,171
10,293
10,115
10,145
10,295
10,165
10,1
10,83
10,2
10,3
11,20
11,22
11,28
11,30
11,13
11,10
11,1
11,4
11,2
11,3
9,7
9,1
9,5
9,2
9,3
8,12
8,9
8,6
8,11
8,10
8,1
8,5
8,2
8,3
12,2
12,1
12,3
20,2
20,1
20,3
19,2
19,1
19,3
18,1
18,3
14,1
14,3
13,1
13,3
2,2
2,1
2,3
51,3
51,2
51,1
51,0
50,3
50,2
50,1
50,0
49,3
49,2
49,1
49,0
48,3
48,2
48,1
48,0
47,3
47,2
47,1
47,0
46,3
46,2
46,1
46,0
45,7
45,6
45,5
45,4
45,3
45,2
45,1
45,0
44,3
44,2
44,1
44,0
43,3
43,2
43,1
43,0
29,3
29,2
29,1
29,0
0,511
0,510
